#credit to https://raft.fandom.com/wiki/Raft_Piano_Sheet_Music
|He's a Pirate (from Pirates of the Caribbean)|wiki|1.0
3  0.1 0.1
5  0.1 0.1
6  0.1 0.1
6  0.1 0.1
6  0.1 0.1
7  0.1 0.1
8  0.1 0.1
8  0.1 0.1
8  0.1 0.1
9  0.1 0.1
7  0.1 0.1
7  0.1 0.1
6  0.1 0.1
5  0.1 0.1
5  0.1 0.1
6  0.6 0.1
#
3  0.1 0.1
5  0.1 0.1
6  0.1 0.1
6  0.1 0.1
6  0.1 0.1
7  0.1 0.1
8  0.1 0.1
8  0.1 0.1
8  0.1 0.1
9  0.1 0.1
7  0.1 0.1
7  0.1 0.1
6  0.1 0.1
5  0.1 0.1
6  0.6 0.1
#
3  0.1 0.1
5  0.1 0.1
6  0.1 0.1
6  0.1 0.1
6  0.1 0.1
7  0.1 0.1
8  0.1 0.1
8  0.1 0.1
9  0.1 0.1
0  0.1 0.1
4 SH 0.1 0.1
4 SH 0.1 0.1
0  0.1 0.1
9  0.1 0.1
0  0.1 0.1
6  0.1 0.1
#
6  0.1 0.1
7  0.1 0.1
8  0.1 0.1
8  0.1 0.1
9  0.1 0.1
0  0.1 0.1
6  0.1 0.1
6  0.1 0.1
8  0.1 0.1
7  0.1 0.1
7  0.1 0.1
8  0.1 0.1
6  0.1 0.1
7  0.6 0.1
#
6  0.1 0.1
7  0.1 0.1
8  0.1 0.1
8  0.1 0.1
9  0.1 0.1
0  0.1 0.1
6  0.1 0.1
6  0.1 0.1
8  0.1 0.1
7  0.1 0.1
7  0.1 0.1
8  0.1 0.1
6  0.1 0.1
7  0.6 0.1
#
0  0.6 0.1
4 SH 0.6 0.1
0  0.1 0.1
0  0.1 0.1
0  0.1 0.1
0  0.1 0.1
9  0.1 0.1
#
9  0.6 0.1
8  0.6 0.1
7  0.1 0.1
8  0.1 0.1
7  0.1 0.1
6  0.6 0.1
#
9  0.6 0.1
8  0.6 0.1
7  0.1 0.1
8  0.1 0.1
7  0.1 0.1
6  0.6 0.1
#
6  0.1 0.1
7  0.1 0.1
8  0.1 0.1
9  0.1 0.1
0  0.1 0.1
9  0.1 0.1
8  0.1 0.1
7  0.1 0.1
8  0.1 0.1
9  0.1 0.1
0  0.1 0.1
9  0.6 0.1
#
8  0.1 0.1
9  0.1 0.1
0  0.6 0.1
9  0.1 0.1
8  0.1 0.1
7  0.1 0.1
8  0.1 0.1
7  0.1 0.1
6  0.1 0.1
6  0.1 0.1
7  0.1 0.1
5  0.1 0.1
6  0.6 0.1
#
6  0.1 0.1
7  0.1 0.1
8  0.1 0.1
7  0.1 0.1
8  0.1 0.1
9  0.1 0.1
8  0.1 0.1
9  0.1 0.1
0  0.1 0.1
9  0.1 0.1
8  0.1 0.1
6  0.6 0.1
#
6  0.1 0.1
7  0.1 0.1
8  0.1 0.1
9  0.1 0.1
0  0.1 0.1
4 sh 0.1 0.1
6  0.1 0.1
9  0.1 0.1
8  0.6 0.1
7  0.6 0.1
0  0.6 0.1
4 SH 0.1 0.1
0  0.1 0.1
0  0.1 0.1
0  0.1 0.1
0  0.1 0.1
9  0.1 0.1
#
9  0.6 0.1
8  0.6 0.1
7  0.1 0.1
8  0.1 0.1
7  0.1 0.1
6  0.6 0.1
#
9  0.6 0.1
8  0.6 0.1
7  0.1 0.1
8  0.1 0.1
7  0.1 0.1
6  0.6 0.1
|Happy Birthday|wiki|1.0
1  0.1 0.1
1  0.1 0.1
2  0.6 0.1
1  0.6 0.1
4  0.1 0.1
3  0.6 0.1
#
1  0.1 0.1
1  0.1 0.1
2  0.6 0.1
1  0.6 0.1
5  0.1 0.1
4  0.6 0.1
#
1  0.1 0.1
1  0.1 0.1
8  0.6 0.1
6  0.6 0.1
4  0.6 0.1
3  0.6 0.1
2  0.6 0.1
#
7  0.1 0.1
7  0.1 0.1
6  0.6 0.1
4  0.6 0.1
5  0.6 0.1
4  0.6 0.1
|Despacito|wiki|1.0
8  0.6 0.1
7  0.6 0.1
6  0.1 0.1
3  0.1 0.1
#
3  0.1 0.1
3  0.1 0.1
3  0.1 0.1
3  0.1 0.1
6  0.1 0.1
6  0.1 0.1
6  0.1 0.1
6  0.1 0.1
6  0.1 0.1
5  0.1 0.1
6  0.1 0.1
4  0.1 0.1
#
4  0.1 0.1
4  0.1 0.1
4  0.1 0.1
4  0.1 0.1
6  0.1 0.1
6  0.1 0.1
6  0.1 0.1
6  0.1 0.1
7  0.1 0.1
8  0.1 0.1
5  0.6 0.1
5  0.1 0.1
5  0.1 0.1
5  0.1 0.1
5  0.1 0.1
8  0.1 0.1
8  0.1 0.1
8  0.1 0.1
9  0.1 0.1
9  0.1 0.1
7  0.6 0.1
#
8  0.6 0.1
7  0.6 0.1
6  0.6 0.1
3  0.6 0.1
|Bella Ciao|wiki|1.0
0  0.1 0.1
9  0.1 0.1
0  0.1 0.1
4 SH 0.1 0.1
4 SH 0.6 0.1
#
4 SH 0.1 0.1
0  0.1 0.1
9  0.1 0.1
4 SH 0.1 0.1
0  0.6 0.1
#
0  0.1 0.1
9  0.1 0.1
8  0.1 0.1
7  0.1 0.1
0  0.1 0.1
8  0.1 0.1
7  0.1 0.1
6  0.6 0.1
#
3  0.1 0.1
6  0.1 0.1
7  0.1 0.1
8  0.1 0.1
6  0.6 0.1
#
3  0.1 0.1
6  0.1 0.1
7  0.1 0.1
8  0.1 0.1
6  0.6 0.1
#
3  0.1 0.1
6  0.1 0.1
7  0.1 0.1
8  0.3 0.1
7  0.1 0.1
6  0.1 0.1
8  0.3 0.1
7  0.1 0.1
6  0.1 0.1
0  0.1 0.1
0  0.1 0.1
0  0.1 0.1
#
0  0.1 0.1
9  0.1 0.1
0  0.1 0.1
4 SH 0.1 0.1
4 SH 0.6 0.1
#
4 SH 0.1 0.1
0  0.1 0.1
9  0.1 0.1
4 SH 0.1 0.1
0  0.6 0.1
#
0  0.1 0.1
9  0.1 0.1
8  0.1 0.1
7  0.1 0.1
0  0.1 0.1
8  0.1 0.1
7  0.1 0.1
6  0.6 0.1
#
3  0.1 0.1
6  0.1 0.1
7  0.1 0.1
8  0.1 0.1
6  0.6 0.1
#
3  0.1 0.1
6  0.1 0.1
7  0.1 0.1
8  0.1 0.1
6  0.6 0.1
#
3  0.1 0.1
6  0.1 0.1
7  0.1 0.1
8  0.3 0.1
7  0.1 0.1
6  0.1 0.1
8  0.3 0.1
7  0.1 0.1
6  0.1 0.1
0  0.1 0.1
0  0.1 0.1
0  0.1 0.1